#SECRET NETWORK
MNEMONIC="desk pigeon hammer sleep only mistake stool december offer patrol once vacant"
CODE_HASH="90984df210c5a88e55e4de115db283c047538e0e704ea1d03a7434528be7af63"
SECRET_ADDRESS="secret1ms3tt405tlh6un3w0kzmr6tzf7q50ksjgm54z4"
SECRET_PUBLIC_KEY=2,61,84,225,146,168,29,92,44,183,65,145,51,112,195,123,103,16,245,132,207,155,186,135,84,164,13,72,201,11,84,189,101

#EVM
PRIVATE_KEY="1e598c566f622120e4c617fb8fbfd3a064751bdabe20f50ca9fe646488910d40"
INFURA_KEY="7bb38f598ae5404ebc844325edec7c4e"
CONTRACT_ADDRESS="0x3575c7C4B48c53a834fcbbCd76EAF84e00F5E972"
ECC_PUBLIC_KEY=3,118,120,142,29,35,3,21,172,209,97,236,216,110,118,24,11,161,53,45,56,193,141,235,56,13,177,99,213,172,58,4,124
ECC_PRIVATE_KEY=238,252,75,187,114,149,142,194,63,208,134,211,168,141,80,86,251,27,36,122,219,124,251,232,106,185,134,88,30,192,15,185
